0
1
2
3
4
5
6
10
11
13
14
16
20
21
22
23
24
25
26
27
28
29
31
32
33
34
36
37
38
40
41
43
44
45
46
47
48
50
52
53
54
55
62
64
66
67
69
76
79
80
82
83
84
85
86
87
88
89
90
92
93
95
97
99
100
101
102
103
104
105
106
107
108
109
110
111
112
113
114
115
116
117
0
1
2
3
4
5
6
10
11
13
14
16
20
21
22
23
25
26
27
28
29
31
33
34
36
37
38
40
41
43
44
45
46
47
48
52
53
54
79
83
84
85
86
87
88
89
90
92
93
95
97
99
100
102
103
104
105
106
107
108
109
110
111
112
113
114
115
117
0
1
2
3
4
5
6
10
11
13
14
16
20
21
22
23
24
25
26
27
28
29
31
32
33
34
36
37
38
40
41
43
44
45
46
47
48
50
52
53
54
55
62
64
66
67
69
76
79
80
82
83
84
85
86
87
88
89
90
92
93
95
97
99
100
101
102
103
104
105
106
107
108
109
110
111
112
113
114
115
116
117
0
1
2
3
4
5
6
10
11
13
14
16
20
21
22
23
25
26
27
28
29
31
33
34
36
37
38
40
41
43
44
45
46
47
48
52
53
54
79
83
84
85
86
87
88
89
90
92
93
95
97
99
100
102
103
104
105
106
107
108
109
110
111
112
113
114
115
117
0
1
2
3
4
5
6
10
11
13
14
16
20
21
22
23
24
25
26
27
28
29
31
32
33
34
36
37
38
40
41
43
44
45
46
47
48
50
52
53
54
55
62
64
66
67
69
76
79
80
82
83
84
85
86
87
88
89
90
92
93
95
97
99
100
101
102
103
104
105
106
107
108
109
110
111
112
113
114
115
116
117
0
1
2
3
4
5
6
10
11
13
14
16
20
21
22
23
25
26
27
28
29
31
33
34
36
37
38
40
41
43
44
45
46
47
48
52
53
54
79
83
84
85
86
87
88
89
90
92
93
95
97
99
100
102
103
104
105
106
107
108
109
110
111
112
113
114
115
117
