2
3
4
9
10
11
15
16
17
18
20
21
27
29
30
32
37
38
39
40
41
42
43
44
45
47
48
49
50
51
52
55
58
65
66
67
85
86
88
91
96
101
102
103
105
106
108
110
112
114
117
119
120
122
123
124
126
127
128
129
130
131
132
133
134
135
136
137
138
139
140
141
142
2
3
4
9
10
11
15
16
17
18
20
21
27
29
30
32
37
38
39
40
41
42
43
44
45
47
48
49
50
51
52
55
58
65
66
67
85
86
88
91
96
101
102
103
105
106
108
110
112
114
117
119
120
122
123
124
126
127
128
129
130
131
132
133
134
135
136
137
138
139
140
141
142
2
3
4
9
10
11
15
16
17
18
20
21
27
29
30
32
37
38
39
40
41
42
43
44
45
47
48
49
50
51
52
55
58
65
66
67
85
86
88
91
96
101
102
103
105
106
108
110
112
114
117
119
120
122
123
124
126
127
128
129
130
131
132
133
134
135
136
137
138
139
140
141
142
