17
18
22
23
25
27
28
29
30
31
32
33
34
35
36
37
38
39
40
41
42
43
44
45
46
47
48
49
50
51
52
53
54
55
56
57
58
59
60
61
62
63
64
65
66
67
68
71
72
73
74
75
76
78
79
80
81
82
83
85
86
91
92
93
94
96
97
103
105
107
108
109
111
112
113
115
116
117
119
120
121
123
124
125
127
133
135
139
140
195
196
198
199
202
203
205
207
208
209
210
211
212
213
215
216
217
218
219
220
221
222
223
224
225
228
230
231
232
233
234
235
236
237
238
239
240
251
252
253
254
255
256
257
258
259
260
17
18
22
23
25
27
28
29
30
31
32
33
34
35
36
37
38
39
40
41
42
43
44
45
46
47
48
49
50
51
52
53
54
55
56
57
58
59
60
61
62
63
64
65
66
67
68
71
72
73
74
75
76
78
79
80
81
82
83
85
86
91
92
93
94
96
97
103
105
107
108
109
111
112
113
115
116
117
119
120
121
123
124
125
127
133
135
139
140
195
196
198
199
202
203
205
207
208
209
210
211
212
213
215
216
217
218
219
220
221
222
223
224
225
228
230
231
232
233
234
235
236
237
238
239
240
251
252
253
254
255
256
257
258
259
260
16
17
21
22
24
26
27
28
29
30
31
32
33
34
35
36
37
38
39
40
41
42
43
44
45
46
47
48
49
50
51
52
53
54
55
56
57
58
59
60
61
62
63
64
65
66
67
70
71
72
73
74
75
77
78
79
80
81
82
84
85
90
91
92
93
95
96
102
104
106
107
108
110
111
112
114
115
116
118
119
120
122
123
124
126
132
134
138
139
194
195
197
198
201
202
204
206
207
208
209
210
211
212
214
215
216
217
218
219
220
221
222
223
224
227
229
230
231
232
233
234
235
236
237
238
239
250
251
252
253
254
255
256
257
258
259
