0
1
4
5
9
10
11
12
13
14
16
18
19
20
21
22
23
0
1
4
5
9
10
11
12
13
14
16
18
19
20
21
23
0
1
4
5
9
10
11
12
13
14
16
18
19
20
21
23
0
1
4
5
9
10
11
12
13
14
16
18
19
20
21
23
0
1
4
5
9
10
11
12
13
14
16
18
19
20
21
23
0
1
4
5
9
10
11
12
13
14
16
18
19
20
21
23
0
1
4
5
9
10
11
12
13
14
16
18
19
20
21
22
23
0
1
4
5
9
10
11
12
13
14
16
18
19
20
21
23
0
1
4
5
9
10
11
12
13
14
16
18
19
20
21
23
0
1
4
5
9
10
11
12
13
14
16
18
19
20
21
23
0
1
4
5
9
10
11
12
13
14
16
18
19
20
21
23
0
1
4
5
9
10
11
12
13
14
16
18
19
20
21
23
0
1
4
5
9
10
13
17
18
19
20
21
22
23
0
1
4
5
9
10
11
12
13
14
16
18
19
20
21
22
23
0
1
3
4
5
6
9
10
11
12
13
15
16
18
19
20
21
22
23
1
2
23
0
1
3
4
5
6
7
23
0
1
4
5
9
10
13
17
18
19
20
21
22
23
0
1
4
5
9
10
11
12
13
14
16
18
19
20
21
22
23
0
1
3
4
5
6
9
10
11
12
13
15
16
18
19
20
21
22
23
1
2
23
0
1
3
4
5
6
7
23
0
1
4
5
9
10
11
12
13
14
16
18
19
20
21
23
0
1
4
5
9
10
11
12
13
14
16
18
19
20
21
23
0
1
4
5
9
10
11
12
13
14
16
18
19
20
21
23
0
1
4
5
9
10
11
12
13
14
16
18
19
20
21
23
0
1
4
5
9
10
11
12
13
14
16
18
19
20
21
23
