0
3
8
9
11
14
27
37
39
40
41
42
43
44
47
48
49
50
52
53
54
56
57
0
3
8
9
11
14
27
37
39
40
41
42
43
44
47
48
49
50
52
53
54
56
57
4
8
9
11
14
27
37
39
40
41
42
43
44
47
56
57
0
3
8
9
11
14
27
37
39
40
41
42
43
44
47
48
49
50
52
53
54
56
57
0
4
8
9
11
14
27
37
39
40
41
42
43
44
47
56
57
4
7
27
57
4
8
9
11
14
27
37
39
40
41
42
43
44
45
57
4
8
9
11
14
27
37
39
40
41
42
43
44
45
57
4
8
9
10
11
27
57
4
8
9
11
12
27
57
4
8
9
11
13
27
57
4
8
9
11
14
15
27
57
4
8
9
11
14
16
27
57
4
8
9
11
14
27
37
39
40
41
42
43
44
47
56
57
0
3
8
9
11
14
27
37
39
40
41
42
43
44
47
48
49
50
52
53
54
56
57
3
6
57
4
7
27
57
4
8
9
11
14
27
37
39
40
41
42
43
44
45
57
4
8
9
11
14
27
37
39
40
41
42
43
44
45
57
4
8
9
10
11
27
57
4
8
9
11
12
27
57
4
8
9
11
13
27
57
4
8
9
11
14
15
27
57
4
8
9
11
14
16
27
57
4
18
19
21
24
28
29
30
31
32
33
35
37
38
39
40
41
42
43
47
56
57
4
8
9
11
14
27
37
39
40
41
42
43
44
47
56
57
0
1
2
3
8
9
11
14
27
37
39
40
41
42
43
44
47
48
49
54
56
57
4
5
57
3
6
57
4
7
27
57
4
8
9
11
14
27
37
39
40
41
42
43
44
45
57
4
8
9
11
14
27
37
39
40
41
42
43
44
45
57
4
8
9
10
11
27
57
4
8
9
11
12
27
57
4
8
9
11
13
27
57
4
8
9
11
14
15
27
57
4
8
9
11
14
16
27
57
4
17
28
57
4
18
19
21
22
28
57
4
18
19
20
21
28
57
4
18
19
21
23
28
57
4
18
19
21
24
25
28
57
4
18
19
21
24
28
29
30
31
32
33
35
36
57
4
18
19
21
24
28
29
30
31
32
33
35
37
38
39
40
41
42
43
47
56
57
4
8
9
11
14
27
37
39
40
41
42
43
44
47
56
57
0
1
2
3
8
9
11
14
27
37
39
40
41
42
43
44
47
48
49
54
56
57
4
5
57
3
6
57
4
7
27
57
4
8
9
11
14
27
37
39
40
41
42
43
44
45
57
4
8
9
11
14
27
37
39
40
41
42
43
44
45
57
4
8
9
10
11
27
57
4
8
9
11
12
27
57
4
8
9
11
13
27
57
4
8
9
11
14
15
27
57
4
8
9
11
14
16
27
57
4
17
28
57
4
18
19
21
22
28
57
4
18
19
20
21
28
57
4
18
19
21
23
28
57
4
18
19
21
24
25
28
57
4
18
19
21
24
28
29
30
31
32
33
35
36
57
4
18
19
21
24
26
28
57
0
3
8
9
11
14
27
37
39
40
41
42
43
44
47
48
49
50
52
53
54
56
57
0
3
8
9
11
14
27
37
39
40
41
42
43
44
47
48
49
50
52
53
54
56
57
0
3
8
9
11
14
27
37
39
40
41
42
43
44
47
48
49
50
52
53
54
56
57
0
3
8
9
11
14
27
37
39
40
41
42
43
44
47
48
49
50
52
53
54
56
57
0
3
8
9
11
14
27
37
39
40
41
42
43
44
47
48
49
50
52
53
54
56
57
0
3
8
9
11
14
27
37
39
40
41
42
43
44
47
48
49
50
52
53
54
56
57
0
3
8
9
11
14
27
37
39
40
41
42
43
44
45
57
4
18
19
21
24
28
29
30
31
32
33
35
37
38
39
40
41
42
43
47
56
57
4
8
9
11
14
27
37
39
40
41
42
43
44
47
56
57
0
1
2
3
8
9
11
14
27
37
39
40
41
42
43
44
47
48
49
54
56
57
4
5
57
3
6
57
4
7
27
57
4
8
9
11
14
27
37
39
40
41
42
43
44
45
57
4
8
9
11
14
27
37
39
40
41
42
43
44
45
57
4
8
9
10
11
27
57
4
8
9
11
12
27
57
4
8
9
11
13
27
57
4
8
9
11
14
15
27
57
4
8
9
11
14
16
27
57
4
17
28
57
4
18
19
21
22
28
57
4
18
19
20
21
28
57
4
18
19
21
23
28
57
4
18
19
21
24
25
28
57
4
18
19
21
24
28
29
30
31
32
33
35
36
57
4
18
19
21
24
26
28
57
