0
4
8
9
11
14
28
31
32
33
34
35
36
37
40
42
43
45
46
47
49
50
0
4
8
9
11
14
28
31
32
33
34
35
36
37
40
42
43
45
46
47
49
50
4
19
20
22
25
29
30
31
32
33
34
35
36
37
40
49
50
0
4
8
9
11
14
28
31
32
33
34
35
36
37
40
42
43
45
46
47
49
50
0
3
8
9
11
14
28
31
32
33
34
35
36
37
40
41
42
43
45
46
47
49
50
4
19
20
22
25
29
30
31
32
33
34
35
36
37
40
49
50
0
4
8
9
11
14
28
31
32
33
34
35
36
37
40
42
43
45
46
47
49
50
0
3
8
9
11
14
28
31
32
33
34
35
36
37
40
41
42
43
45
46
47
49
50
4
19
20
22
25
29
30
31
32
33
34
35
36
37
40
49
50
0
4
8
9
11
14
28
31
32
33
34
35
36
37
40
42
43
45
46
47
49
50
0
3
8
9
11
14
28
31
32
33
34
35
36
37
40
41
42
43
45
46
47
49
50
