0
1
2
4
5
6
7
8
9
10
11
12
13
14
16
17
18
20
25
26
27
28
29
30
31
32
33
38
43
44
45
50
55
57
58
62
63
64
65
66
67
68
69
70
71
72
73
74
75
76
77
78
79
80
81
82
83
84
85
0
1
2
4
5
6
7
8
9
10
11
12
13
14
16
17
18
20
25
26
27
28
29
30
31
32
33
38
43
44
45
50
55
57
58
62
63
64
65
66
67
68
69
70
71
72
73
74
75
76
77
78
79
80
81
82
83
84
85
0
1
2
4
5
6
7
8
9
10
11
12
13
14
16
17
18
20
25
26
27
28
29
30
31
32
33
37
42
43
48
53
55
56
60
61
62
63
64
65
66
67
68
69
70
71
72
73
74
75
76
77
78
79
80
81
82
83
