0
1
2
3
4
5
16
17
23
24
25
26
27
28
29
30
0
1
2
3
4
5
16
17
23
24
25
26
27
28
29
30
0
1
2
3
4
5
16
17
23
24
25
26
27
28
29
30
0
6
7
8
10
16
19
24
25
26
27
28
29
30
0
1
2
3
4
5
16
18
24
25
26
27
28
29
30
0
1
2
3
4
5
6
7
8
10
16
21
24
25
26
27
28
29
30
0
11
12
13
15
16
20
24
25
26
27
28
29
30
0
1
2
3
4
5
11
12
13
15
16
22
24
25
26
27
28
29
30
0
1
2
3
4
5
16
17
23
24
25
26
27
28
29
30
0
6
7
8
10
16
19
24
25
26
27
28
29
30
0
1
2
3
4
5
16
18
24
25
26
27
28
29
30
0
1
2
3
4
5
6
7
8
10
16
21
24
25
26
27
28
29
30
0
11
12
13
15
16
20
24
25
26
27
28
29
30
0
1
2
3
4
5
11
12
13
15
16
22
24
25
26
27
28
29
30
